#
#--------------------------------------------------------------------------------
##ASTER 15.04.00 CONCEPT 00000019 CALCULE LE 09/02/2024 A 15:57:35 DE TYPE        
#TABLE_SDASTER                                                                   
INTITULE         NOEUD    RESU     NOM_CHAM         NUME_ORDRE   INST         ABSC_CURV    COOR_X       COOR_Y       COOR_Z       V13          V14         
VARIABLES        N562     00000016 VARI_NOEU                   0  0.00000E+00  0.00000E+00  5.00000E-01  5.00000E-01  1.00000E+00  0.00000E+00  0.00000E+00
VARIABLES        N330     00000016 VARI_NOEU                   0  0.00000E+00  5.91608E-01  6.00000E-01  0.00000E+00  7.00000E-01  0.00000E+00  0.00000E+00
VARIABLES        N70      00000016 VARI_NOEU                   0  0.00000E+00  1.67327E+00  1.00000E+00  1.00000E+00  8.00000E-01  0.00000E+00  0.00000E+00
VARIABLES        N562     00000016 VARI_NOEU                   1  5.00000E-01  0.00000E+00  5.00000E-01  5.00000E-01  1.00000E+00  0.00000E+00  0.00000E+00
VARIABLES        N330     00000016 VARI_NOEU                   1  5.00000E-01  5.91608E-01  6.00000E-01  0.00000E+00  7.00000E-01  0.00000E+00  0.00000E+00
VARIABLES        N70      00000016 VARI_NOEU                   1  5.00000E-01  1.67327E+00  1.00000E+00  1.00000E+00  8.00000E-01  0.00000E+00  0.00000E+00
VARIABLES        N562     00000016 VARI_NOEU                   2  1.00000E+00  0.00000E+00  5.00000E-01  5.00000E-01  1.00000E+00  0.00000E+00  0.00000E+00
VARIABLES        N330     00000016 VARI_NOEU                   2  1.00000E+00  5.91608E-01  6.00000E-01  0.00000E+00  7.00000E-01  0.00000E+00  0.00000E+00
VARIABLES        N70      00000016 VARI_NOEU                   2  1.00000E+00  1.67327E+00  1.00000E+00  1.00000E+00  8.00000E-01  0.00000E+00  0.00000E+00
VARIABLES        N562     00000016 VARI_NOEU                   3  1.50000E+00  0.00000E+00  5.00000E-01  5.00000E-01  1.00000E+00  0.00000E+00  0.00000E+00
VARIABLES        N330     00000016 VARI_NOEU                   3  1.50000E+00  5.91608E-01  6.00000E-01  0.00000E+00  7.00000E-01  0.00000E+00  0.00000E+00
VARIABLES        N70      00000016 VARI_NOEU                   3  1.50000E+00  1.67327E+00  1.00000E+00  1.00000E+00  8.00000E-01  0.00000E+00  0.00000E+00
VARIABLES        N562     00000016 VARI_NOEU                   4  2.00000E+00  0.00000E+00  5.00000E-01  5.00000E-01  1.00000E+00  0.00000E+00  0.00000E+00
VARIABLES        N330     00000016 VARI_NOEU                   4  2.00000E+00  5.91608E-01  6.00000E-01  0.00000E+00  7.00000E-01  0.00000E+00  0.00000E+00
VARIABLES        N70      00000016 VARI_NOEU                   4  2.00000E+00  1.67327E+00  1.00000E+00  1.00000E+00  8.00000E-01  0.00000E+00  0.00000E+00
VARIABLES        N562     00000016 VARI_NOEU                   5  2.50000E+00  0.00000E+00  5.00000E-01  5.00000E-01  1.00000E+00  0.00000E+00  0.00000E+00
VARIABLES        N330     00000016 VARI_NOEU                   5  2.50000E+00  5.91608E-01  6.00000E-01  0.00000E+00  7.00000E-01  0.00000E+00  0.00000E+00
VARIABLES        N70      00000016 VARI_NOEU                   5  2.50000E+00  1.67327E+00  1.00000E+00  1.00000E+00  8.00000E-01  0.00000E+00  0.00000E+00
VARIABLES        N562     00000016 VARI_NOEU                   6  3.00000E+00  0.00000E+00  5.00000E-01  5.00000E-01  1.00000E+00  0.00000E+00  0.00000E+00
VARIABLES        N330     00000016 VARI_NOEU                   6  3.00000E+00  5.91608E-01  6.00000E-01  0.00000E+00  7.00000E-01  0.00000E+00  0.00000E+00
VARIABLES        N70      00000016 VARI_NOEU                   6  3.00000E+00  1.67327E+00  1.00000E+00  1.00000E+00  8.00000E-01  0.00000E+00  0.00000E+00
VARIABLES        N562     00000016 VARI_NOEU                   7  3.50000E+00  0.00000E+00  5.00000E-01  5.00000E-01  1.00000E+00  0.00000E+00  0.00000E+00
VARIABLES        N330     00000016 VARI_NOEU                   7  3.50000E+00  5.91608E-01  6.00000E-01  0.00000E+00  7.00000E-01  0.00000E+00  0.00000E+00
VARIABLES        N70      00000016 VARI_NOEU                   7  3.50000E+00  1.67327E+00  1.00000E+00  1.00000E+00  8.00000E-01  0.00000E+00  0.00000E+00
VARIABLES        N562     00000016 VARI_NOEU                   8  4.00000E+00  0.00000E+00  5.00000E-01  5.00000E-01  1.00000E+00  0.00000E+00  0.00000E+00
VARIABLES        N330     00000016 VARI_NOEU                   8  4.00000E+00  5.91608E-01  6.00000E-01  0.00000E+00  7.00000E-01  0.00000E+00  0.00000E+00
VARIABLES        N70      00000016 VARI_NOEU                   8  4.00000E+00  1.67327E+00  1.00000E+00  1.00000E+00  8.00000E-01  0.00000E+00  0.00000E+00
VARIABLES        N562     00000016 VARI_NOEU                   9  4.50000E+00  0.00000E+00  5.00000E-01  5.00000E-01  1.00000E+00  5.36245E-51  2.60830E-48
VARIABLES        N330     00000016 VARI_NOEU                   9  4.50000E+00  5.91608E-01  6.00000E-01  0.00000E+00  7.00000E-01  5.36245E-51  2.60830E-48
VARIABLES        N70      00000016 VARI_NOEU                   9  4.50000E+00  1.67327E+00  1.00000E+00  1.00000E+00  8.00000E-01  5.36245E-51  2.60830E-48
VARIABLES        N562     00000016 VARI_NOEU                  10  5.00000E+00  0.00000E+00  5.00000E-01  5.00000E-01  1.00000E+00  8.16707E-29  3.97246E-26
VARIABLES        N330     00000016 VARI_NOEU                  10  5.00000E+00  5.91608E-01  6.00000E-01  0.00000E+00  7.00000E-01  8.16707E-29  3.97246E-26
VARIABLES        N70      00000016 VARI_NOEU                  10  5.00000E+00  1.67327E+00  1.00000E+00  1.00000E+00  8.00000E-01  8.16707E-29  3.97246E-26
VARIABLES        N562     00000016 VARI_NOEU                  11  5.50000E+00  0.00000E+00  5.00000E-01  5.00000E-01  1.00000E+00  3.14148E-22  1.52801E-19
VARIABLES        N330     00000016 VARI_NOEU                  11  5.50000E+00  5.91608E-01  6.00000E-01  0.00000E+00  7.00000E-01  3.14148E-22  1.52801E-19
VARIABLES        N70      00000016 VARI_NOEU                  11  5.50000E+00  1.67327E+00  1.00000E+00  1.00000E+00  8.00000E-01  3.14148E-22  1.52801E-19
VARIABLES        N562     00000016 VARI_NOEU                  12  6.00000E+00  0.00000E+00  5.00000E-01  5.00000E-01  1.00000E+00  3.17043E-18  1.54210E-15
VARIABLES        N330     00000016 VARI_NOEU                  12  6.00000E+00  5.91608E-01  6.00000E-01  0.00000E+00  7.00000E-01  3.17043E-18  1.54210E-15
VARIABLES        N70      00000016 VARI_NOEU                  12  6.00000E+00  1.67327E+00  1.00000E+00  1.00000E+00  8.00000E-01  3.17043E-18  1.54210E-15
VARIABLES        N562     00000016 VARI_NOEU                  13  6.50000E+00  0.00000E+00  5.00000E-01  5.00000E-01  1.00000E+00  2.43917E-15  1.18641E-12
VARIABLES        N330     00000016 VARI_NOEU                  13  6.50000E+00  5.91608E-01  6.00000E-01  0.00000E+00  7.00000E-01  2.43917E-15  1.18641E-12
VARIABLES        N70      00000016 VARI_NOEU                  13  6.50000E+00  1.67327E+00  1.00000E+00  1.00000E+00  8.00000E-01  2.43917E-15  1.18641E-12
VARIABLES        N562     00000016 VARI_NOEU                  14  7.00000E+00  0.00000E+00  5.00000E-01  5.00000E-01  1.00000E+00  4.43166E-13  2.15556E-10
VARIABLES        N330     00000016 VARI_NOEU                  14  7.00000E+00  5.91608E-01  6.00000E-01  0.00000E+00  7.00000E-01  4.43166E-13  2.15556E-10
VARIABLES        N70      00000016 VARI_NOEU                  14  7.00000E+00  1.67327E+00  1.00000E+00  1.00000E+00  8.00000E-01  4.43166E-13  2.15556E-10
VARIABLES        N562     00000016 VARI_NOEU                  15  7.50000E+00  0.00000E+00  5.00000E-01  5.00000E-01  1.00000E+00  3.19716E-11  1.55510E-08
VARIABLES        N330     00000016 VARI_NOEU                  15  7.50000E+00  5.91608E-01  6.00000E-01  0.00000E+00  7.00000E-01  3.19716E-11  1.55510E-08
VARIABLES        N70      00000016 VARI_NOEU                  15  7.50000E+00  1.67327E+00  1.00000E+00  1.00000E+00  8.00000E-01  3.19716E-11  1.55510E-08
VARIABLES        N562     00000016 VARI_NOEU                  16  8.00000E+00  0.00000E+00  5.00000E-01  5.00000E-01  1.00000E+00  1.21376E-09  5.90375E-07
VARIABLES        N330     00000016 VARI_NOEU                  16  8.00000E+00  5.91608E-01  6.00000E-01  0.00000E+00  7.00000E-01  1.21376E-09  5.90375E-07
VARIABLES        N70      00000016 VARI_NOEU                  16  8.00000E+00  1.67327E+00  1.00000E+00  1.00000E+00  8.00000E-01  1.21376E-09  5.90375E-07
VARIABLES        N562     00000016 VARI_NOEU                  17  8.50000E+00  0.00000E+00  5.00000E-01  5.00000E-01  1.00000E+00  2.86874E-08  1.39535E-05
VARIABLES        N330     00000016 VARI_NOEU                  17  8.50000E+00  5.91608E-01  6.00000E-01  0.00000E+00  7.00000E-01  2.86874E-08  1.39535E-05
VARIABLES        N70      00000016 VARI_NOEU                  17  8.50000E+00  1.67327E+00  1.00000E+00  1.00000E+00  8.00000E-01  2.86874E-08  1.39535E-05
VARIABLES        N562     00000016 VARI_NOEU                  18  9.00000E+00  0.00000E+00  5.00000E-01  5.00000E-01  1.00000E+00  4.62131E-07  2.24780E-04
VARIABLES        N330     00000016 VARI_NOEU                  18  9.00000E+00  5.91608E-01  6.00000E-01  0.00000E+00  7.00000E-01  4.62131E-07  2.24780E-04
VARIABLES        N70      00000016 VARI_NOEU                  18  9.00000E+00  1.67327E+00  1.00000E+00  1.00000E+00  8.00000E-01  4.62131E-07  2.24780E-04
VARIABLES        N562     00000016 VARI_NOEU                  19  9.50000E+00  0.00000E+00  5.00000E-01  5.00000E-01  1.00000E+00  4.68188E-06  2.27726E-03
VARIABLES        N330     00000016 VARI_NOEU                  19  9.50000E+00  5.91608E-01  6.00000E-01  0.00000E+00  7.00000E-01  4.68188E-06  2.27726E-03
VARIABLES        N70      00000016 VARI_NOEU                  19  9.50000E+00  1.67327E+00  1.00000E+00  1.00000E+00  8.00000E-01  4.68188E-06  2.27726E-03
VARIABLES        N562     00000016 VARI_NOEU                  20  1.00000E+01  0.00000E+00  5.00000E-01  5.00000E-01  1.00000E+00  2.13137E-05  1.03667E-02
VARIABLES        N330     00000016 VARI_NOEU                  20  1.00000E+01  5.91608E-01  6.00000E-01  0.00000E+00  7.00000E-01  2.13137E-05  1.03667E-02
VARIABLES        N70      00000016 VARI_NOEU                  20  1.00000E+01  1.67327E+00  1.00000E+00  1.00000E+00  8.00000E-01  2.13137E-05  1.03667E-02
VARIABLES        N562     00000016 VARI_NOEU                  21  1.05000E+01  0.00000E+00  5.00000E-01  5.00000E-01  1.00000E+00  4.67586E-05  2.27409E-02
VARIABLES        N330     00000016 VARI_NOEU                  21  1.05000E+01  5.91608E-01  6.00000E-01  0.00000E+00  7.00000E-01  4.67586E-05  2.27409E-02
VARIABLES        N70      00000016 VARI_NOEU                  21  1.05000E+01  1.67327E+00  1.00000E+00  1.00000E+00  8.00000E-01  4.67586E-05  2.27409E-02
VARIABLES        N562     00000016 VARI_NOEU                  22  1.10000E+01  0.00000E+00  5.00000E-01  5.00000E-01  1.00000E+00  7.35666E-05  3.57755E-02
VARIABLES        N330     00000016 VARI_NOEU                  22  1.10000E+01  5.91608E-01  6.00000E-01  0.00000E+00  7.00000E-01  7.35666E-05  3.57755E-02
VARIABLES        N70      00000016 VARI_NOEU                  22  1.10000E+01  1.67327E+00  1.00000E+00  1.00000E+00  8.00000E-01  7.35666E-05  3.57755E-02
VARIABLES        N562     00000016 VARI_NOEU                  23  1.15000E+01  0.00000E+00  5.00000E-01  5.00000E-01  1.00000E+00  1.01236E-04  4.92260E-02
VARIABLES        N330     00000016 VARI_NOEU                  23  1.15000E+01  5.91608E-01  6.00000E-01  0.00000E+00  7.00000E-01  1.01236E-04  4.92260E-02
VARIABLES        N70      00000016 VARI_NOEU                  23  1.15000E+01  1.67327E+00  1.00000E+00  1.00000E+00  8.00000E-01  1.01236E-04  4.92260E-02
VARIABLES        N562     00000016 VARI_NOEU                  24  1.20000E+01  0.00000E+00  5.00000E-01  5.00000E-01  1.00000E+00  1.29800E-04  6.31082E-02
VARIABLES        N330     00000016 VARI_NOEU                  24  1.20000E+01  5.91608E-01  6.00000E-01  0.00000E+00  7.00000E-01  1.29800E-04  6.31082E-02
VARIABLES        N70      00000016 VARI_NOEU                  24  1.20000E+01  1.67327E+00  1.00000E+00  1.00000E+00  8.00000E-01  1.29800E-04  6.31082E-02
VARIABLES        N562     00000016 VARI_NOEU                  25  1.25000E+01  0.00000E+00  5.00000E-01  5.00000E-01  1.00000E+00  1.59274E-04  7.74295E-02
VARIABLES        N330     00000016 VARI_NOEU                  25  1.25000E+01  5.91608E-01  6.00000E-01  0.00000E+00  7.00000E-01  1.59274E-04  7.74295E-02
VARIABLES        N70      00000016 VARI_NOEU                  25  1.25000E+01  1.67327E+00  1.00000E+00  1.00000E+00  8.00000E-01  1.59274E-04  7.74295E-02
VARIABLES        N562     00000016 VARI_NOEU                  26  1.30000E+01  0.00000E+00  5.00000E-01  5.00000E-01  1.00000E+00  1.89671E-04  9.21960E-02
VARIABLES        N330     00000016 VARI_NOEU                  26  1.30000E+01  5.91608E-01  6.00000E-01  0.00000E+00  7.00000E-01  1.89671E-04  9.21960E-02
VARIABLES        N70      00000016 VARI_NOEU                  26  1.30000E+01  1.67327E+00  1.00000E+00  1.00000E+00  8.00000E-01  1.89671E-04  9.21960E-02
VARIABLES        N562     00000016 VARI_NOEU                  27  1.35000E+01  0.00000E+00  5.00000E-01  5.00000E-01  1.00000E+00  2.21001E-04  1.07412E-01
VARIABLES        N330     00000016 VARI_NOEU                  27  1.35000E+01  5.91608E-01  6.00000E-01  0.00000E+00  7.00000E-01  2.21001E-04  1.07412E-01
VARIABLES        N70      00000016 VARI_NOEU                  27  1.35000E+01  1.67327E+00  1.00000E+00  1.00000E+00  8.00000E-01  2.21001E-04  1.07412E-01
VARIABLES        N562     00000016 VARI_NOEU                  28  1.40000E+01  0.00000E+00  5.00000E-01  5.00000E-01  1.00000E+00  2.53270E-04  1.23079E-01
VARIABLES        N330     00000016 VARI_NOEU                  28  1.40000E+01  5.91608E-01  6.00000E-01  0.00000E+00  7.00000E-01  2.53270E-04  1.23079E-01
VARIABLES        N70      00000016 VARI_NOEU                  28  1.40000E+01  1.67327E+00  1.00000E+00  1.00000E+00  8.00000E-01  2.53270E-04  1.23079E-01
VARIABLES        N562     00000016 VARI_NOEU                  29  1.45000E+01  0.00000E+00  5.00000E-01  5.00000E-01  1.00000E+00  2.86477E-04  1.39199E-01
VARIABLES        N330     00000016 VARI_NOEU                  29  1.45000E+01  5.91608E-01  6.00000E-01  0.00000E+00  7.00000E-01  2.86477E-04  1.39199E-01
VARIABLES        N70      00000016 VARI_NOEU                  29  1.45000E+01  1.67327E+00  1.00000E+00  1.00000E+00  8.00000E-01  2.86477E-04  1.39199E-01
VARIABLES        N562     00000016 VARI_NOEU                  30  1.50000E+01  0.00000E+00  5.00000E-01  5.00000E-01  1.00000E+00  3.20619E-04  1.55767E-01
VARIABLES        N330     00000016 VARI_NOEU                  30  1.50000E+01  5.91608E-01  6.00000E-01  0.00000E+00  7.00000E-01  3.20619E-04  1.55767E-01
VARIABLES        N70      00000016 VARI_NOEU                  30  1.50000E+01  1.67327E+00  1.00000E+00  1.00000E+00  8.00000E-01  3.20619E-04  1.55767E-01
VARIABLES        N562     00000016 VARI_NOEU                  31  1.55000E+01  0.00000E+00  5.00000E-01  5.00000E-01  1.00000E+00  3.55687E-04  1.72781E-01
VARIABLES        N330     00000016 VARI_NOEU                  31  1.55000E+01  5.91608E-01  6.00000E-01  0.00000E+00  7.00000E-01  3.55687E-04  1.72781E-01
VARIABLES        N70      00000016 VARI_NOEU                  31  1.55000E+01  1.67327E+00  1.00000E+00  1.00000E+00  8.00000E-01  3.55687E-04  1.72781E-01
VARIABLES        N562     00000016 VARI_NOEU                  32  1.60000E+01  0.00000E+00  5.00000E-01  5.00000E-01  1.00000E+00  3.91668E-04  1.90232E-01
VARIABLES        N330     00000016 VARI_NOEU                  32  1.60000E+01  5.91608E-01  6.00000E-01  0.00000E+00  7.00000E-01  3.91668E-04  1.90232E-01
VARIABLES        N70      00000016 VARI_NOEU                  32  1.60000E+01  1.67327E+00  1.00000E+00  1.00000E+00  8.00000E-01  3.91668E-04  1.90232E-01
VARIABLES        N562     00000016 VARI_NOEU                  33  1.65000E+01  0.00000E+00  5.00000E-01  5.00000E-01  1.00000E+00  4.28542E-04  2.08111E-01
VARIABLES        N330     00000016 VARI_NOEU                  33  1.65000E+01  5.91608E-01  6.00000E-01  0.00000E+00  7.00000E-01  4.28542E-04  2.08111E-01
VARIABLES        N70      00000016 VARI_NOEU                  33  1.65000E+01  1.67327E+00  1.00000E+00  1.00000E+00  8.00000E-01  4.28542E-04  2.08111E-01
VARIABLES        N562     00000016 VARI_NOEU                  34  1.70000E+01  0.00000E+00  5.00000E-01  5.00000E-01  1.00000E+00  4.66285E-04  2.26407E-01
VARIABLES        N330     00000016 VARI_NOEU                  34  1.70000E+01  5.91608E-01  6.00000E-01  0.00000E+00  7.00000E-01  4.66285E-04  2.26407E-01
VARIABLES        N70      00000016 VARI_NOEU                  34  1.70000E+01  1.67327E+00  1.00000E+00  1.00000E+00  8.00000E-01  4.66285E-04  2.26407E-01
VARIABLES        N562     00000016 VARI_NOEU                  35  1.75000E+01  0.00000E+00  5.00000E-01  5.00000E-01  1.00000E+00  5.04870E-04  2.45105E-01
VARIABLES        N330     00000016 VARI_NOEU                  35  1.75000E+01  5.91608E-01  6.00000E-01  0.00000E+00  7.00000E-01  5.04870E-04  2.45105E-01
VARIABLES        N70      00000016 VARI_NOEU                  35  1.75000E+01  1.67327E+00  1.00000E+00  1.00000E+00  8.00000E-01  5.04870E-04  2.45105E-01
VARIABLES        N562     00000016 VARI_NOEU                  36  1.80000E+01  0.00000E+00  5.00000E-01  5.00000E-01  1.00000E+00  5.44262E-04  2.64188E-01
VARIABLES        N330     00000016 VARI_NOEU                  36  1.80000E+01  5.91608E-01  6.00000E-01  0.00000E+00  7.00000E-01  5.44262E-04  2.64188E-01
VARIABLES        N70      00000016 VARI_NOEU                  36  1.80000E+01  1.67327E+00  1.00000E+00  1.00000E+00  8.00000E-01  5.44262E-04  2.64188E-01
VARIABLES        N562     00000016 VARI_NOEU                  37  1.85000E+01  0.00000E+00  5.00000E-01  5.00000E-01  1.00000E+00  5.84427E-04  2.83639E-01
VARIABLES        N330     00000016 VARI_NOEU                  37  1.85000E+01  5.91608E-01  6.00000E-01  0.00000E+00  7.00000E-01  5.84427E-04  2.83639E-01
VARIABLES        N70      00000016 VARI_NOEU                  37  1.85000E+01  1.67327E+00  1.00000E+00  1.00000E+00  8.00000E-01  5.84427E-04  2.83639E-01
VARIABLES        N562     00000016 VARI_NOEU                  38  1.90000E+01  0.00000E+00  5.00000E-01  5.00000E-01  1.00000E+00  6.25323E-04  3.03438E-01
VARIABLES        N330     00000016 VARI_NOEU                  38  1.90000E+01  5.91608E-01  6.00000E-01  0.00000E+00  7.00000E-01  6.25323E-04  3.03438E-01
VARIABLES        N70      00000016 VARI_NOEU                  38  1.90000E+01  1.67327E+00  1.00000E+00  1.00000E+00  8.00000E-01  6.25323E-04  3.03438E-01
VARIABLES        N562     00000016 VARI_NOEU                  39  1.95000E+01  0.00000E+00  5.00000E-01  5.00000E-01  1.00000E+00  6.66910E-04  3.23565E-01
VARIABLES        N330     00000016 VARI_NOEU                  39  1.95000E+01  5.91608E-01  6.00000E-01  0.00000E+00  7.00000E-01  6.66910E-04  3.23565E-01
VARIABLES        N70      00000016 VARI_NOEU                  39  1.95000E+01  1.67327E+00  1.00000E+00  1.00000E+00  8.00000E-01  6.66910E-04  3.23565E-01
VARIABLES        N562     00000016 VARI_NOEU                  40  2.00000E+01  0.00000E+00  5.00000E-01  5.00000E-01  1.00000E+00  7.09143E-04  3.43998E-01
VARIABLES        N330     00000016 VARI_NOEU                  40  2.00000E+01  5.91608E-01  6.00000E-01  0.00000E+00  7.00000E-01  7.09143E-04  3.43998E-01
VARIABLES        N70      00000016 VARI_NOEU                  40  2.00000E+01  1.67327E+00  1.00000E+00  1.00000E+00  8.00000E-01  7.09143E-04  3.43998E-01
VARIABLES        N562     00000016 VARI_NOEU                  41  2.05000E+01  0.00000E+00  5.00000E-01  5.00000E-01  1.00000E+00  7.51978E-04  3.64715E-01
VARIABLES        N330     00000016 VARI_NOEU                  41  2.05000E+01  5.91608E-01  6.00000E-01  0.00000E+00  7.00000E-01  7.51978E-04  3.64715E-01
VARIABLES        N70      00000016 VARI_NOEU                  41  2.05000E+01  1.67327E+00  1.00000E+00  1.00000E+00  8.00000E-01  7.51978E-04  3.64715E-01
VARIABLES        N562     00000016 VARI_NOEU                  42  2.10000E+01  0.00000E+00  5.00000E-01  5.00000E-01  1.00000E+00  7.95371E-04  3.85695E-01
VARIABLES        N330     00000016 VARI_NOEU                  42  2.10000E+01  5.91608E-01  6.00000E-01  0.00000E+00  7.00000E-01  7.95371E-04  3.85695E-01
VARIABLES        N70      00000016 VARI_NOEU                  42  2.10000E+01  1.67327E+00  1.00000E+00  1.00000E+00  8.00000E-01  7.95371E-04  3.85695E-01
VARIABLES        N562     00000016 VARI_NOEU                  43  2.15000E+01  0.00000E+00  5.00000E-01  5.00000E-01  1.00000E+00  8.39276E-04  4.06915E-01
VARIABLES        N330     00000016 VARI_NOEU                  43  2.15000E+01  5.91608E-01  6.00000E-01  0.00000E+00  7.00000E-01  8.39276E-04  4.06915E-01
VARIABLES        N70      00000016 VARI_NOEU                  43  2.15000E+01  1.67327E+00  1.00000E+00  1.00000E+00  8.00000E-01  8.39276E-04  4.06915E-01
VARIABLES        N562     00000016 VARI_NOEU                  44  2.20000E+01  0.00000E+00  5.00000E-01  5.00000E-01  1.00000E+00  8.83650E-04  4.28354E-01
VARIABLES        N330     00000016 VARI_NOEU                  44  2.20000E+01  5.91608E-01  6.00000E-01  0.00000E+00  7.00000E-01  8.83650E-04  4.28354E-01
VARIABLES        N70      00000016 VARI_NOEU                  44  2.20000E+01  1.67327E+00  1.00000E+00  1.00000E+00  8.00000E-01  8.83650E-04  4.28354E-01
VARIABLES        N562     00000016 VARI_NOEU                  45  2.25000E+01  0.00000E+00  5.00000E-01  5.00000E-01  1.00000E+00  9.28451E-04  4.49991E-01
VARIABLES        N330     00000016 VARI_NOEU                  45  2.25000E+01  5.91608E-01  6.00000E-01  0.00000E+00  7.00000E-01  9.28451E-04  4.49991E-01
VARIABLES        N70      00000016 VARI_NOEU                  45  2.25000E+01  1.67327E+00  1.00000E+00  1.00000E+00  8.00000E-01  9.28451E-04  4.49991E-01
VARIABLES        N562     00000016 VARI_NOEU                  46  2.30000E+01  0.00000E+00  5.00000E-01  5.00000E-01  1.00000E+00  9.73639E-04  4.71808E-01
VARIABLES        N330     00000016 VARI_NOEU                  46  2.30000E+01  5.91608E-01  6.00000E-01  0.00000E+00  7.00000E-01  9.73639E-04  4.71808E-01
VARIABLES        N70      00000016 VARI_NOEU                  46  2.30000E+01  1.67327E+00  1.00000E+00  1.00000E+00  8.00000E-01  9.73639E-04  4.71808E-01
VARIABLES        N562     00000016 VARI_NOEU                  47  2.35000E+01  0.00000E+00  5.00000E-01  5.00000E-01  1.00000E+00  1.01918E-03  4.93785E-01
VARIABLES        N330     00000016 VARI_NOEU                  47  2.35000E+01  5.91608E-01  6.00000E-01  0.00000E+00  7.00000E-01  1.01918E-03  4.93785E-01
VARIABLES        N70      00000016 VARI_NOEU                  47  2.35000E+01  1.67327E+00  1.00000E+00  1.00000E+00  8.00000E-01  1.01918E-03  4.93785E-01
VARIABLES        N562     00000016 VARI_NOEU                  48  2.40000E+01  0.00000E+00  5.00000E-01  5.00000E-01  1.00000E+00  1.06503E-03  5.15906E-01
VARIABLES        N330     00000016 VARI_NOEU                  48  2.40000E+01  5.91608E-01  6.00000E-01  0.00000E+00  7.00000E-01  1.06503E-03  5.15906E-01
VARIABLES        N70      00000016 VARI_NOEU                  48  2.40000E+01  1.67327E+00  1.00000E+00  1.00000E+00  8.00000E-01  1.06503E-03  5.15906E-01
VARIABLES        N562     00000016 VARI_NOEU                  49  2.45000E+01  0.00000E+00  5.00000E-01  5.00000E-01  1.00000E+00  1.11116E-03  5.38153E-01
VARIABLES        N330     00000016 VARI_NOEU                  49  2.45000E+01  5.91608E-01  6.00000E-01  0.00000E+00  7.00000E-01  1.11116E-03  5.38153E-01
VARIABLES        N70      00000016 VARI_NOEU                  49  2.45000E+01  1.67327E+00  1.00000E+00  1.00000E+00  8.00000E-01  1.11116E-03  5.38153E-01
VARIABLES        N562     00000016 VARI_NOEU                  50  2.50000E+01  0.00000E+00  5.00000E-01  5.00000E-01  1.00000E+00  1.15754E-03  5.60513E-01
VARIABLES        N330     00000016 VARI_NOEU                  50  2.50000E+01  5.91608E-01  6.00000E-01  0.00000E+00  7.00000E-01  1.15754E-03  5.60513E-01
VARIABLES        N70      00000016 VARI_NOEU                  50  2.50000E+01  1.67327E+00  1.00000E+00  1.00000E+00  8.00000E-01  1.15754E-03  5.60513E-01
VARIABLES        N562     00000016 VARI_NOEU                  51  2.55000E+01  0.00000E+00  5.00000E-01  5.00000E-01  1.00000E+00  1.20414E-03  5.82972E-01
VARIABLES        N330     00000016 VARI_NOEU                  51  2.55000E+01  5.91608E-01  6.00000E-01  0.00000E+00  7.00000E-01  1.20414E-03  5.82972E-01
VARIABLES        N70      00000016 VARI_NOEU                  51  2.55000E+01  1.67327E+00  1.00000E+00  1.00000E+00  8.00000E-01  1.20414E-03  5.82972E-01
VARIABLES        N562     00000016 VARI_NOEU                  52  2.60000E+01  0.00000E+00  5.00000E-01  5.00000E-01  1.00000E+00  1.25094E-03  6.05517E-01
VARIABLES        N330     00000016 VARI_NOEU                  52  2.60000E+01  5.91608E-01  6.00000E-01  0.00000E+00  7.00000E-01  1.25094E-03  6.05517E-01
VARIABLES        N70      00000016 VARI_NOEU                  52  2.60000E+01  1.67327E+00  1.00000E+00  1.00000E+00  8.00000E-01  1.25094E-03  6.05517E-01
VARIABLES        N562     00000016 VARI_NOEU                  53  2.65000E+01  0.00000E+00  5.00000E-01  5.00000E-01  1.00000E+00  1.29791E-03  6.28137E-01
VARIABLES        N330     00000016 VARI_NOEU                  53  2.65000E+01  5.91608E-01  6.00000E-01  0.00000E+00  7.00000E-01  1.29791E-03  6.28137E-01
VARIABLES        N70      00000016 VARI_NOEU                  53  2.65000E+01  1.67327E+00  1.00000E+00  1.00000E+00  8.00000E-01  1.29791E-03  6.28137E-01
VARIABLES        N562     00000016 VARI_NOEU                  54  2.70000E+01  0.00000E+00  5.00000E-01  5.00000E-01  1.00000E+00  1.34504E-03  6.50823E-01
VARIABLES        N330     00000016 VARI_NOEU                  54  2.70000E+01  5.91608E-01  6.00000E-01  0.00000E+00  7.00000E-01  1.34504E-03  6.50823E-01
VARIABLES        N70      00000016 VARI_NOEU                  54  2.70000E+01  1.67327E+00  1.00000E+00  1.00000E+00  8.00000E-01  1.34504E-03  6.50823E-01
VARIABLES        N562     00000016 VARI_NOEU                  55  2.75000E+01  0.00000E+00  5.00000E-01  5.00000E-01  1.00000E+00  1.39230E-03  6.73566E-01
VARIABLES        N330     00000016 VARI_NOEU                  55  2.75000E+01  5.91608E-01  6.00000E-01  0.00000E+00  7.00000E-01  1.39230E-03  6.73566E-01
VARIABLES        N70      00000016 VARI_NOEU                  55  2.75000E+01  1.67327E+00  1.00000E+00  1.00000E+00  8.00000E-01  1.39230E-03  6.73566E-01
VARIABLES        N562     00000016 VARI_NOEU                  56  2.80000E+01  0.00000E+00  5.00000E-01  5.00000E-01  1.00000E+00  1.43968E-03  6.96357E-01
VARIABLES        N330     00000016 VARI_NOEU                  56  2.80000E+01  5.91608E-01  6.00000E-01  0.00000E+00  7.00000E-01  1.43968E-03  6.96357E-01
VARIABLES        N70      00000016 VARI_NOEU                  56  2.80000E+01  1.67327E+00  1.00000E+00  1.00000E+00  8.00000E-01  1.43968E-03  6.96357E-01
VARIABLES        N562     00000016 VARI_NOEU                  57  2.85000E+01  0.00000E+00  5.00000E-01  5.00000E-01  1.00000E+00  1.48717E-03  7.19189E-01
VARIABLES        N330     00000016 VARI_NOEU                  57  2.85000E+01  5.91608E-01  6.00000E-01  0.00000E+00  7.00000E-01  1.48717E-03  7.19189E-01
VARIABLES        N70      00000016 VARI_NOEU                  57  2.85000E+01  1.67327E+00  1.00000E+00  1.00000E+00  8.00000E-01  1.48717E-03  7.19189E-01
VARIABLES        N562     00000016 VARI_NOEU                  58  2.90000E+01  0.00000E+00  5.00000E-01  5.00000E-01  1.00000E+00  1.53475E-03  7.42057E-01
VARIABLES        N330     00000016 VARI_NOEU                  58  2.90000E+01  5.91608E-01  6.00000E-01  0.00000E+00  7.00000E-01  1.53475E-03  7.42057E-01
VARIABLES        N70      00000016 VARI_NOEU                  58  2.90000E+01  1.67327E+00  1.00000E+00  1.00000E+00  8.00000E-01  1.53475E-03  7.42057E-01
VARIABLES        N562     00000016 VARI_NOEU                  59  2.95000E+01  0.00000E+00  5.00000E-01  5.00000E-01  1.00000E+00  1.58240E-03  7.64955E-01
VARIABLES        N330     00000016 VARI_NOEU                  59  2.95000E+01  5.91608E-01  6.00000E-01  0.00000E+00  7.00000E-01  1.58240E-03  7.64955E-01
VARIABLES        N70      00000016 VARI_NOEU                  59  2.95000E+01  1.67327E+00  1.00000E+00  1.00000E+00  8.00000E-01  1.58240E-03  7.64955E-01
VARIABLES        N562     00000016 VARI_NOEU                  60  3.00000E+01  0.00000E+00  5.00000E-01  5.00000E-01  1.00000E+00  1.63013E-03  7.87877E-01
VARIABLES        N330     00000016 VARI_NOEU                  60  3.00000E+01  5.91608E-01  6.00000E-01  0.00000E+00  7.00000E-01  1.63013E-03  7.87877E-01
VARIABLES        N70      00000016 VARI_NOEU                  60  3.00000E+01  1.67327E+00  1.00000E+00  1.00000E+00  8.00000E-01  1.63013E-03  7.87877E-01
VARIABLES        N562     00000016 VARI_NOEU                  61  3.05000E+01  0.00000E+00  5.00000E-01  5.00000E-01  1.00000E+00  1.67792E-03  8.10820E-01
VARIABLES        N330     00000016 VARI_NOEU                  61  3.05000E+01  5.91608E-01  6.00000E-01  0.00000E+00  7.00000E-01  1.67792E-03  8.10820E-01
VARIABLES        N70      00000016 VARI_NOEU                  61  3.05000E+01  1.67327E+00  1.00000E+00  1.00000E+00  8.00000E-01  1.67792E-03  8.10820E-01
VARIABLES        N562     00000016 VARI_NOEU                  62  3.10000E+01  0.00000E+00  5.00000E-01  5.00000E-01  1.00000E+00  1.72576E-03  8.33781E-01
VARIABLES        N330     00000016 VARI_NOEU                  62  3.10000E+01  5.91608E-01  6.00000E-01  0.00000E+00  7.00000E-01  1.72576E-03  8.33781E-01
VARIABLES        N70      00000016 VARI_NOEU                  62  3.10000E+01  1.67327E+00  1.00000E+00  1.00000E+00  8.00000E-01  1.72576E-03  8.33781E-01
VARIABLES        N562     00000016 VARI_NOEU                  63  3.15000E+01  0.00000E+00  5.00000E-01  5.00000E-01  1.00000E+00  1.77365E-03  8.56755E-01
VARIABLES        N330     00000016 VARI_NOEU                  63  3.15000E+01  5.91608E-01  6.00000E-01  0.00000E+00  7.00000E-01  1.77365E-03  8.56755E-01
VARIABLES        N70      00000016 VARI_NOEU                  63  3.15000E+01  1.67327E+00  1.00000E+00  1.00000E+00  8.00000E-01  1.77365E-03  8.56755E-01
VARIABLES        N562     00000016 VARI_NOEU                  64  3.20000E+01  0.00000E+00  5.00000E-01  5.00000E-01  1.00000E+00  1.82158E-03  8.79740E-01
VARIABLES        N330     00000016 VARI_NOEU                  64  3.20000E+01  5.91608E-01  6.00000E-01  0.00000E+00  7.00000E-01  1.82158E-03  8.79740E-01
VARIABLES        N70      00000016 VARI_NOEU                  64  3.20000E+01  1.67327E+00  1.00000E+00  1.00000E+00  8.00000E-01  1.82158E-03  8.79740E-01
VARIABLES        N562     00000016 VARI_NOEU                  65  3.25000E+01  0.00000E+00  5.00000E-01  5.00000E-01  1.00000E+00  1.86955E-03  9.02733E-01
VARIABLES        N330     00000016 VARI_NOEU                  65  3.25000E+01  5.91608E-01  6.00000E-01  0.00000E+00  7.00000E-01  1.86955E-03  9.02733E-01
VARIABLES        N70      00000016 VARI_NOEU                  65  3.25000E+01  1.67327E+00  1.00000E+00  1.00000E+00  8.00000E-01  1.86955E-03  9.02733E-01
VARIABLES        N562     00000016 VARI_NOEU                  66  3.30000E+01  0.00000E+00  5.00000E-01  5.00000E-01  1.00000E+00  1.91755E-03  9.25732E-01
VARIABLES        N330     00000016 VARI_NOEU                  66  3.30000E+01  5.91608E-01  6.00000E-01  0.00000E+00  7.00000E-01  1.91755E-03  9.25732E-01
VARIABLES        N70      00000016 VARI_NOEU                  66  3.30000E+01  1.67327E+00  1.00000E+00  1.00000E+00  8.00000E-01  1.91755E-03  9.25732E-01
VARIABLES        N562     00000016 VARI_NOEU                  67  3.35000E+01  0.00000E+00  5.00000E-01  5.00000E-01  1.00000E+00  1.96557E-03  9.48736E-01
VARIABLES        N330     00000016 VARI_NOEU                  67  3.35000E+01  5.91608E-01  6.00000E-01  0.00000E+00  7.00000E-01  1.96557E-03  9.48736E-01
VARIABLES        N70      00000016 VARI_NOEU                  67  3.35000E+01  1.67327E+00  1.00000E+00  1.00000E+00  8.00000E-01  1.96557E-03  9.48736E-01
VARIABLES        N562     00000016 VARI_NOEU                  68  3.40000E+01  0.00000E+00  5.00000E-01  5.00000E-01  1.00000E+00  2.01362E-03  9.71743E-01
VARIABLES        N330     00000016 VARI_NOEU                  68  3.40000E+01  5.91608E-01  6.00000E-01  0.00000E+00  7.00000E-01  2.01362E-03  9.71743E-01
VARIABLES        N70      00000016 VARI_NOEU                  68  3.40000E+01  1.67327E+00  1.00000E+00  1.00000E+00  8.00000E-01  2.01362E-03  9.71743E-01
VARIABLES        N562     00000016 VARI_NOEU                  69  3.45000E+01  0.00000E+00  5.00000E-01  5.00000E-01  1.00000E+00  2.06169E-03  9.94751E-01
VARIABLES        N330     00000016 VARI_NOEU                  69  3.45000E+01  5.91608E-01  6.00000E-01  0.00000E+00  7.00000E-01  2.06169E-03  9.94751E-01
VARIABLES        N70      00000016 VARI_NOEU                  69  3.45000E+01  1.67327E+00  1.00000E+00  1.00000E+00  8.00000E-01  2.06169E-03  9.94751E-01
VARIABLES        N562     00000016 VARI_NOEU                  70  3.50000E+01  0.00000E+00  5.00000E-01  5.00000E-01  1.00000E+00  2.10978E-03  1.01776E+00
VARIABLES        N330     00000016 VARI_NOEU                  70  3.50000E+01  5.91608E-01  6.00000E-01  0.00000E+00  7.00000E-01  2.10978E-03  1.01776E+00
VARIABLES        N70      00000016 VARI_NOEU                  70  3.50000E+01  1.67327E+00  1.00000E+00  1.00000E+00  8.00000E-01  2.10978E-03  1.01776E+00
VARIABLES        N562     00000016 VARI_NOEU                  71  3.55000E+01  0.00000E+00  5.00000E-01  5.00000E-01  1.00000E+00  2.15789E-03  1.04077E+00
VARIABLES        N330     00000016 VARI_NOEU                  71  3.55000E+01  5.91608E-01  6.00000E-01  0.00000E+00  7.00000E-01  2.15789E-03  1.04077E+00
VARIABLES        N70      00000016 VARI_NOEU                  71  3.55000E+01  1.67327E+00  1.00000E+00  1.00000E+00  8.00000E-01  2.15789E-03  1.04077E+00
VARIABLES        N562     00000016 VARI_NOEU                  72  3.60000E+01  0.00000E+00  5.00000E-01  5.00000E-01  1.00000E+00  2.20601E-03  1.06377E+00
VARIABLES        N330     00000016 VARI_NOEU                  72  3.60000E+01  5.91608E-01  6.00000E-01  0.00000E+00  7.00000E-01  2.20601E-03  1.06377E+00
VARIABLES        N70      00000016 VARI_NOEU                  72  3.60000E+01  1.67327E+00  1.00000E+00  1.00000E+00  8.00000E-01  2.20601E-03  1.06377E+00
VARIABLES        N562     00000016 VARI_NOEU                  73  3.65000E+01  0.00000E+00  5.00000E-01  5.00000E-01  1.00000E+00  2.25414E-03  1.08677E+00
VARIABLES        N330     00000016 VARI_NOEU                  73  3.65000E+01  5.91608E-01  6.00000E-01  0.00000E+00  7.00000E-01  2.25414E-03  1.08677E+00
VARIABLES        N70      00000016 VARI_NOEU                  73  3.65000E+01  1.67327E+00  1.00000E+00  1.00000E+00  8.00000E-01  2.25414E-03  1.08677E+00
VARIABLES        N562     00000016 VARI_NOEU                  74  3.70000E+01  0.00000E+00  5.00000E-01  5.00000E-01  1.00000E+00  2.30229E-03  1.10977E+00
VARIABLES        N330     00000016 VARI_NOEU                  74  3.70000E+01  5.91608E-01  6.00000E-01  0.00000E+00  7.00000E-01  2.30229E-03  1.10977E+00
VARIABLES        N70      00000016 VARI_NOEU                  74  3.70000E+01  1.67327E+00  1.00000E+00  1.00000E+00  8.00000E-01  2.30229E-03  1.10977E+00
VARIABLES        N562     00000016 VARI_NOEU                  75  3.75000E+01  0.00000E+00  5.00000E-01  5.00000E-01  1.00000E+00  2.35044E-03  1.13277E+00
VARIABLES        N330     00000016 VARI_NOEU                  75  3.75000E+01  5.91608E-01  6.00000E-01  0.00000E+00  7.00000E-01  2.35044E-03  1.13277E+00
VARIABLES        N70      00000016 VARI_NOEU                  75  3.75000E+01  1.67327E+00  1.00000E+00  1.00000E+00  8.00000E-01  2.35044E-03  1.13277E+00
VARIABLES        N562     00000016 VARI_NOEU                  76  3.80000E+01  0.00000E+00  5.00000E-01  5.00000E-01  1.00000E+00  2.39861E-03  1.15576E+00
VARIABLES        N330     00000016 VARI_NOEU                  76  3.80000E+01  5.91608E-01  6.00000E-01  0.00000E+00  7.00000E-01  2.39861E-03  1.15576E+00
VARIABLES        N70      00000016 VARI_NOEU                  76  3.80000E+01  1.67327E+00  1.00000E+00  1.00000E+00  8.00000E-01  2.39861E-03  1.15576E+00
VARIABLES        N562     00000016 VARI_NOEU                  77  3.85000E+01  0.00000E+00  5.00000E-01  5.00000E-01  1.00000E+00  2.44678E-03  1.17874E+00
VARIABLES        N330     00000016 VARI_NOEU                  77  3.85000E+01  5.91608E-01  6.00000E-01  0.00000E+00  7.00000E-01  2.44678E-03  1.17874E+00
VARIABLES        N70      00000016 VARI_NOEU                  77  3.85000E+01  1.67327E+00  1.00000E+00  1.00000E+00  8.00000E-01  2.44678E-03  1.17874E+00
VARIABLES        N562     00000016 VARI_NOEU                  78  3.90000E+01  0.00000E+00  5.00000E-01  5.00000E-01  1.00000E+00  2.49496E-03  1.20172E+00
VARIABLES        N330     00000016 VARI_NOEU                  78  3.90000E+01  5.91608E-01  6.00000E-01  0.00000E+00  7.00000E-01  2.49496E-03  1.20172E+00
VARIABLES        N70      00000016 VARI_NOEU                  78  3.90000E+01  1.67327E+00  1.00000E+00  1.00000E+00  8.00000E-01  2.49496E-03  1.20172E+00
VARIABLES        N562     00000016 VARI_NOEU                  79  3.95000E+01  0.00000E+00  5.00000E-01  5.00000E-01  1.00000E+00  2.54314E-03  1.22470E+00
VARIABLES        N330     00000016 VARI_NOEU                  79  3.95000E+01  5.91608E-01  6.00000E-01  0.00000E+00  7.00000E-01  2.54314E-03  1.22470E+00
VARIABLES        N70      00000016 VARI_NOEU                  79  3.95000E+01  1.67327E+00  1.00000E+00  1.00000E+00  8.00000E-01  2.54314E-03  1.22470E+00
VARIABLES        N562     00000016 VARI_NOEU                  80  4.00000E+01  0.00000E+00  5.00000E-01  5.00000E-01  1.00000E+00  2.59134E-03  1.24767E+00
VARIABLES        N330     00000016 VARI_NOEU                  80  4.00000E+01  5.91608E-01  6.00000E-01  0.00000E+00  7.00000E-01  2.59134E-03  1.24767E+00
VARIABLES        N70      00000016 VARI_NOEU                  80  4.00000E+01  1.67327E+00  1.00000E+00  1.00000E+00  8.00000E-01  2.59134E-03  1.24767E+00

